%YAML:1.0

pts:  !!opencv-nd-matrix
  sizes: [6,6,3]
  dt: d
  data:
    [-15,-10,0,  -7,-15,0, 0,-10,0, 5,-10,0, 10,-10,0, 15,-10,0,
     -15,-5,0,   -7,-5,3,  0,-5,5,  5,-5,8,  10,-5,5,  15,-5,0,
     -15,0,0,    -7,0,6,  0,0,10,   5,0,16,  10,0,10,  15,0,2,
     -15,5,0,    -7,5,8,  0,5,11,   5,5,20,  10,5,11,  15,5,3,
     -15,10,0,   -7,10,5,  0,10,9,  5,10,13, 10,10,9,  15,10,0,
     -15,15,0,   -7,15,0,  0,15,0,  5,15,0,  10,15,0,  15,15,0]

M: 5
N: 5
P: 3
Q: 3
