%YAML:1.0

pts:  !!opencv-nd-matrix
  sizes: [4,4,3]
  dt: d
  data:
    [-6,12,4,   -3,9,0,  3,8,0,  6,12,8,  -7,15,6 , -4,12,0,  4,9,0,  7,15,2,
     -8, 16,7 , -4,15,3, 5,12,3, 8,17,8,  -9,20,10, -4,17,0 , 6,14,0, 9,19,0]

M: 3
N: 3
P: 2
Q: 2
