%YAML:1.0

pts:  !!opencv-nd-matrix
   sizes: [4,4,3]
   dt: d
   data:
      [-20,0,-10, -10,3,-10,   10,3,-10,  20,3,-10,
       -20,3,10,   -10,6,12,     10,6,0,   20,9,20,
       -20,6,0,   -10,9,0,     10,9,11,  20,6,8,
       -20,9,-12,  -10,12,-15,  10,12,-17,  20,12,-12]


M: 3
N: 3
P: 2
Q: 2
