%YAML:1.0

pts:  !!opencv-nd-matrix
  sizes: [4,4,3]
  dt: d
  data:
    [-20,0,1, -10,3,3, 10,3,3, 20,3,3,
     -20,3,3, -10,6,6, 10,6,6, 20,9,6,
     -20,6,6, -10,9,9, 10,9,9, 20,6,9,
     -20,9,9, -10,12,12, 10,12,12, 20,12,12]


M: 3
N: 3
P: 2
Q: 2
